{
type = trap
particle = 0
stiff = 1.00
pos0 = 46.3113780977, 11.1604626391, 26.8730311801
rate = 0.
dir = 0.,0.,-1.
}

{
type = trap
particle = 99
pos0 = 83.1532046751, 15.950789638, 37.3071701142
stiff = 1.0
rate = 0.
dir = 0.,0.,1.
}
