{
type = twist
particle = 0
stiff = 1.00
rate = 1e-5
base = 0.
pos0 = 15, 0.674909093169, 18.6187733563
center = 13., 0.674909093169, 18.6187733563
axis = 0, 0, 1
}

