#A-helix, with 


HYDR_EPS = 0.870439
#CRST_K = 59.9626
STCK_BASE_EPS = 1.40206
STCK_FACT_EPS = 2.77


STCK_RC = 0.93
STCK_RLOW = 0.35
STCK_RCLOW = 0.26239
STCK_RHIGH = 0.78
STCK_RCHIGH = 0.986
STCK_R0 =  0.43


STCK_THETAB2_A = 1.3
STCK_THETAB2_B = 6.4381
STCK_THETAB2_TS = 0.8
STCK_THETAB2_TC = 0.961538

STCK_THETAB1_A = 1.3
STCK_THETAB1_B = 6.4381
STCK_THETAB1_TS = 0.8
STCK_THETAB1_TC = 0.961538


STCK_THETA5_T0 = 0.
STCK_THETA6_T0 = 0.

STCK_THETAB1_T0 = 0.
STCK_THETAB2_T0 = 0.

POS_STACK_3_a1 =  0.4 
POS_STACK_3_a2 =  0.1 
POS_STACK_5_a1 =   0.124906078525 
POS_STACK_5_a2 =  -0.00866274917473 

p5_x = -0.104402 
p5_y = -0.841783 
p5_z = 0.529624 
p3_x = -0.462510 
p3_y = -0.528218 
p3_z = 0.712089 



FENE_R0 =  0.761070781051 


#STCK_THETA4_T0 = 0.095


POS_BACK_a1 = -0.4
POS_BACK_a3 = 0.2
POS_BACK_a2 = 0.0


STCK_THETA4_A = 0
STCK_THETA4_B = 0

CRST_RC = 0.6
CRST_RLOW = 0.42
CRST_RCLOW = 0.375
CRST_RHIGH = 0.58
CRST_RCHIGH = 0.625
CRST_R0 =  0.5


CRST_K = 59.9626

CRST_THETA1_T0 = 0.505
CRST_THETA2_T0 = 1.266
CRST_THETA3_T0 = 1.266
CRST_THETA4_T0 = 0
CRST_THETA7_T0 = 0.309
CRST_THETA8_T0 = 0.309


#CRST_K = 0.00000001
CXST_K = 0.000001
