HBS_AT = 1.06014
HBS_CG = 1.06014
STS_GC = 1.34761
STS_CG = 1.34761
STS_GG = 1.34761
STS_GA = 1.34761
STS_AG = 1.34761
STS_TG = 1.34761
STS_GT = 1.34761
STS_AT = 1.34761
STS_TA = 1.34761
STS_AA = 1.34761
CROSS_AA = 47.5
CROSS_AT = 47.5
CROSS_AC = 47.5
CROSS_AG = 47.5
CROSS_GG = 47.5
CROSS_GC = 47.5
CROSS_GT = 47.5
CROSS_CC = 47.5
CROSS_CT = 47.5
CROSS_TT = 47.5
STS_EPS = 1.97561
