STCK_FACT_EPS = 1.643427
STCK_G_C = 1.643427
STCK_C_G = 1.643427
STCK_G_G = 1.643427
STCK_C_C = 1.643427
STCK_G_A = 1.643427
STCK_T_C = 1.643427
STCK_A_G = 1.643427
STCK_C_T = 1.643427
STCK_T_G = 1.643427
STCK_C_A = 1.643427
STCK_G_T = 1.643427
STCK_A_C = 1.643427
STCK_A_T = 1.643427
STCK_T_A = 1.643427
STCK_A_A = 1.643427
STCK_T_T = 1.643427
HYDR_A_T = 1.643427
HYDR_T_A = 1.643427
HYDR_C_G = 1.643427
HYDR_G_C = 1.643427
