HBS_AT = 0.893
HBS_CG = 1.243
HBS_GT = 1.243
STS_GC = 1.38088
STS_CG = 1.42434
STS_GG = 1.31528
STS_CC = 1.31528
STS_GA = 1.3038
STS_TC = 1.3038
STS_AG = 1.3202
STS_CT = 1.3202
STS_TG = 1.35628
STS_CA = 1.35628
STS_GT = 1.37022
STS_AC = 1.37022
STS_AT = 1.27346
STS_TA = 1.33988
STS_AA = 1.40138
STS_TT = 1.40138
CROSS_AA = 47.5
CROSS_AT = 47.5
CROSS_AC = 47.5
CROSS_AG = 47.5
CROSS_GG = 47.5
CROSS_GC = 47.5
CROSS_GT = 47.5
CROSS_CC = 47.5
CROSS_CT = 47.5
CROSS_TT = 47.5
STS_EPS = 1.9756097561 
