STCK_GC = 1.68752
STCK_CG = 1.74063
STCK_GG = 1.60735
STCK_CC = 1.60735
STCK_GA = 1.59332
STCK_TC = 1.59332
STCK_AG = 1.61337
STCK_CT = 1.61337
STCK_TG = 1.65745
STCK_CA = 1.65745
STCK_GT = 1.67449
STCK_AC = 1.67449
STCK_AT = 1.55624
STCK_TA = 1.63741
STCK_AA = 1.71257
STCK_TT = 1.71257
STCK_EPS = 2.40928
