STCK_FACT_EPS = 0.18
STCK_G_C = 1.68752
STCK_C_G = 1.74063
STCK_G_G = 1.60735
STCK_C_C = 1.60735
STCK_G_A = 1.59332
STCK_T_C = 1.59332
STCK_A_G = 1.61337
STCK_C_T = 1.61337
STCK_T_G = 1.65745
STCK_C_A = 1.65745
STCK_G_T = 1.67449
STCK_A_C = 1.67449
STCK_A_T = 1.55624
STCK_T_A = 1.63741
STCK_A_A = 1.71257
STCK_T_T = 1.71257
HYDR_A_T = 0.879
HYDR_T_A = 0.879
HYDR_C_G = 1.2235
HYDR_G_C = 1.2235

