t = 0
b =  20.0 20.0 20.0
E = 0. 0. 0.
 4.400000000000000e+00  5.000000000000000e+00  5.000000000000000e+00  1.000000000000000e+00  0.000000000000000e+00  0.000000000000000e+00  0.000000000000000e+00  0.000000000000000e+00  1.000000000000000e+00 0 0 0 1e-7 -1e-7 1e-7
 4.513975015732522e+00  4.648176585958526e+00  5.389762855130313e+00  8.100416404457960e-01  5.863723567357892e-01  0.000000000000000e+00  0.000000000000000e+00  0.000000000000000e+00  1.000000000000000e+00 0 0 0 -1e-7 1e-7 -1e-7
