t = 100
b = 20 20 20
E = 0.00397401762730338 0.0039735383546402 4.79272663178074e-07
4.40000001308289 5.00000037876257 4.99999976031675 0.999999999999989 -1.33137918450533e-07 8.15923101432156e-08 -8.15922994261783e-08 8.15840528358422e-08 0.999999999999994 2.6165520028268e-05 0.000757517482899358 -0.000479361655513689 -0.000163266439323519 -0.000163082957825818 -0.000266373144730126
4.51397500264963 4.64817620719595 5.38976309481357 0.810041534365004 0.58637250328062 -1.14009428873081e-07 1.0307281898899e-07 5.20422840651918e-08 0.999999999999994 -2.6165520028268e-05 -0.000757517482899358 0.000479361655513689 3.66649165809381e-05 0.000227916557846749 0.000361916854347762
