STCK_FACT_EPS = 0.18f

STCK_G_C =  1.67076

STCK_C_G =  1.75372

STCK_G_G =  1.60207
STCK_C_C =  1.60207

STCK_G_A =  1.58058
STCK_T_C =  1.58058

STCK_A_G =  1.61909
STCK_C_T =  1.61909

STCK_T_G =  1.65571
STCK_C_A =  1.65571

STCK_G_T =  1.67845
STCK_A_C =  1.67845

STCK_A_T =  1.52611
STCK_T_A =  1.6181

STCK_A_A =  1.72578
STCK_T_T =  1.72578

HYDR_A_T =  0.892622
HYDR_T_A =  0.892622

HYDR_C_G =  1.24282
HYDR_G_C =  1.24282


